# Created by Octave 4.2.2, Wed Aug 14 15:38:40 2019 PDT <swr@linux>
# name: MU
# type: matrix
# rows: 1
# columns: 2
 68.40366742388612 44.49607923291306


