# Created by Octave 4.2.2, Wed Aug 14 15:38:40 2019 PDT <swr@linux>
# name: P
# type: matrix
# rows: 1
# columns: 8
 -0.2400616826028488 0.4123834340500127 0.8135788614573638 -1.315195960303321 -1.211197902867073 -7.900014274397012 77.33700679951505 136.7072564810581


